1 103
1 1591
1 1572
1 1938
1 1071
1 1908
1 1844
1 1680
1 1410
1 2344
2 616
2 1397
2 1651
2 397
2 236
2 1183
2 2317
2 1623
2 1305
2 1315
3 1162
3 637
3 123
3 1366
3 799
3 1647
3 321
3 71
3 1454
3 1098
4 2939
4 1676
4 1476
4 78
4 1223
4 2914
4 48
4 1323
4 1951
4 241
5 3011
5 1272
5 2985
5 2692
5 2003
5 2106
5 40
5 2035
5 3144
5 2310
6 1517
6 2424
6 2753
6 2828
6 3035
6 242
6 1543
6 2826
6 616
6 2176
7 71
7 1676
7 282
7 243
7 46
7 3077
7 2914
7 1223
7 2033
7 1951
8 2776
8 2625
8 1695
8 1685
8 2499
8 40
8 492
8 1408
8 2197
8 2951
9 2870
9 2864
9 2776
9 1695
9 1685
9 2197
9 1261
9 2372
9 3068
9 2951
10 1162
10 1366
10 1454
10 321
10 1098
10 46
10 950
10 1188
10 1262
10 1703
11 1162
11 2208
11 2923
11 1366
11 1454
11 321
11 1098
11 1188
11 1703
11 616
12 1930
12 1591
12 103
12 3127
12 1680
12 1334
12 2319
12 1033
12 637
12 585
13 48
13 243
13 2897
13 1362
13 675
13 1652
13 2033
13 1566
13 2711
13 2888
14 3011
14 854
14 2876
14 861
14 1724
14 856
14 2957
14 677
14 2897
14 2017
15 2683
15 2897
15 3125
15 1566
15 248
15 3033
15 2263
15 1719
15 2900
15 3132
16 849
16 1676
16 3114
16 2114
16 397
16 1223
16 1591
16 103
16 855
16 243
17 48
17 243
17 2897
17 1362
17 675
17 1652
17 1425
17 1154
17 1566
17 2527
18 48
18 1811
18 243
18 1665
18 1162
18 1362
18 2897
18 675
18 1652
18 1825
19 46
19 950
19 1262
19 1601
19 1811
19 2714
19 2342
19 2851
19 1468
19 1613
20 2177
20 1847
20 2619
20 3139
20 2059
20 2289
20 1145
20 1047
20 1504
20 70
21 2794
21 1525
21 2061
21 1135
21 3153
21 1844
21 1366
21 3132
21 40
21 1543
22 3049
22 2827
22 1829
22 2925
22 2841
22 2924
22 3047
22 2188
22 671
22 1467
23 2914
23 241
23 1951
23 527
23 2276
23 2216
23 1525
23 2709
23 1936
23 1844
24 1696
24 2342
24 1135
24 1588
24 111
24 1098
24 20
24 278
24 2307
24 1359
25 2344
25 1653
25 1620
25 1591
25 2862
25 3070
25 2859
25 3048
25 1951
25 40
26 1591
26 103
26 1290
26 972
26 1476
26 1680
26 2709
26 3128
26 1108
26 2344
27 3011
27 2918
27 1725
27 1641
27 1856
27 2669
27 2798
27 1591
27 103
27 2902
28 2890
28 2849
28 3032
28 2776
28 1685
28 1695
28 1906
28 2197
28 1261
28 2951
29 2229
29 1385
29 1933
29 298
29 40
29 2420
29 2644
29 1679
29 63
29 2927
30 1856
30 397
30 850
30 40
30 1591
30 2501
30 2537
30 1680
30 637
30 1033
31 533
31 3047
31 1381
31 1721
31 1388
31 2144
31 1261
31 1327
31 2786
31 2889
32 1145
32 3139
32 2619
32 2177
32 1847
32 1721
32 495
32 2289
32 1504
32 2247
33 2887
33 2189
33 1594
33 2884
33 2369
33 1404
33 1369
33 103
33 2030
33 70
34 397
34 3114
34 2
34 1644
34 1524
34 5
34 1946
34 111
34 616
34 1620
35 2850
35 68
35 1397
35 1
35 3077
35 82
35 284
35 1644
35 1386
35 1631
36 1350
36 2061
36 1265
36 1824
36 1162
36 1527
36 1366
36 1012
36 2030
36 2110
37 2265
37 243
37 1676
37 696
37 48
37 2219
37 2376
37 2406
37 1223
37 1359
38 2265
38 2939
38 2092
38 1155
38 2061
38 696
38 1350
38 2651
38 1359
38 2406
39 724
39 2939
39 2406
39 1162
39 696
39 2265
39 2651
39 1323
39 2178
39 2046
40 3052
40 527
40 106
40 1162
40 2406
40 1588
40 696
40 616
40 2265
40 1098
41 48
41 2499
41 2911
41 2876
41 1951
41 2862
41 278
41 2914
41 2849
41 2949
42 2494
42 2231
42 462
42 2401
42 1527
42 1620
42 1653
42 1390
42 2215
42 1265
43 1554
43 1594
43 243
43 1404
43 1527
43 2310
43 462
43 1265
43 2746
43 2979
44 1404
44 2829
44 2144
44 1261
44 2523
44 2
44 329
44 1525
44 58
44 1725
45 1976
45 849
45 2726
45 2816
45 2876
45 2053
45 2114
45 1327
45 3114
45 397
46 329
46 2494
46 1976
46 1032
46 78
46 2978
46 891
46 1516
46 2971
46 2288
47 2726
47 2421
47 1936
47 849
47 2053
47 1327
47 1032
47 1427
47 2263
47 2882
48 71
48 1771
48 696
48 3077
48 46
48 2406
48 1359
48 3130
48 2046
48 2106
49 1032
49 891
49 2288
49 2882
49 619
49 3134
49 1457
49 2832
49 1591
49 1412
50 1811
50 1665
50 1825
50 1032
50 891
50 2288
50 619
50 2723
50 2882
50 1457
51 1811
51 1665
51 1924
51 1825
51 1728
51 2723
51 2297
51 2862
51 1641
51 1613
52 1366
52 104
52 2721
52 1928
52 3070
52 1030
52 2862
52 3048
52 1916
52 1951
53 68
53 2981
53 1862
53 1381
53 1476
53 495
53 1948
53 2457
53 241
53 248
54 68
54 2939
54 71
54 1162
54 2265
54 3077
54 2406
54 1862
54 696
54 1323
55 3064
55 1162
55 2742
55 1366
55 1846
55 3096
55 1454
55 2515
55 321
55 1739
56 1162
56 1
56 3077
56 1366
56 2327
56 68
56 1454
56 1154
56 321
56 616
57 3077
57 1
57 2939
57 71
57 95
57 1528
57 46
57 1323
57 3175
57 1397
58 319
58 1366
58 1591
58 2003
58 1344
58 1856
58 1411
58 1258
58 2625
58 1608
59 1665
59 2033
59 1976
59 2111
59 1162
59 2905
59 1235
59 1194
59 78
59 1170
60 695
60 3011
60 2776
60 1695
60 2876
60 1685
60 1366
60 1261
60 2967
60 2197
61 849
61 2494
61 1936
61 1032
61 2114
61 3114
61 397
61 2882
61 2018
61 891
62 2189
62 1961
62 68
62 2003
62 46
62 2931
62 950
62 1262
62 1424
62 1725
63 1366
63 46
63 950
63 1262
63 1098
63 1525
63 1601
63 1811
63 224
63 2714
64 106
64 527
64 1588
64 1853
64 2857
64 2998
64 3112
64 1878
64 1051
64 1307
